0.00 0.00 6.00
5.00 2.00 6.00
10.00 2.00 6.00
15.00 2.00 6.00
20.00 2.00 6.00
25.00 2.00 6.00
30.00 2.00 6.00
35.00 2.00 6.00
40.00 2.00 6.00
45.00 2.00 6.00
50.00 2.00 6.00
50.00 5.00 6.00
45.00 5.00 6.00
40.00 5.00 6.00
35.00 5.00 6.00
30.00 5.00 6.00
25.00 5.00 6.00
20.00 5.00 6.00
15.00 5.00 6.00
10.00 5.00 6.00
5.00 5.00 6.00
0.00 5.00 6.00
-5.00 5.00 6.00
-10.00 5.00 6.00
-15.00 5.00 6.00
-20.00 5.00 6.00
-25.00 5.00 6.00
-30.00 5.00 6.00
-35.00 5.00 6.00
-40.00 5.00 6.00
-45.00 5.00 6.00
-50.00 5.00 6.00
-50.00 10.00 6.00
-45.00 10.00 6.00
-40.00 10.00 6.00
-35.00 10.00 6.00
-30.00 10.00 6.00
-25.00 10.00 6.00
-20.00 10.00 6.00
-15.00 10.00 6.00
-10.00 10.00 6.00
-5.00 10.00 6.00
0.00 10.00 6.00
5.00 10.00 6.00
10.00 10.00 6.00
15.00 10.00 6.00
20.00 10.00 6.00
25.00 10.00 6.00
30.00 10.00 6.00
35.00 10.00 6.00
40.00 10.00 6.00
45.00 10.00 6.00
50.00 10.00 6.00
50.00 15.00 6.00
45.00 15.00 6.00
40.00 15.00 6.00
35.00 15.00 6.00
30.00 15.00 6.00
25.00 15.00 6.00
20.00 15.00 6.00
15.00 15.00 6.00
10.00 15.00 6.00
5.00 15.00 6.00
0.00 15.00 6.00
-5.00 15.00 6.00
-10.00 15.00 6.00
-15.00 15.00 6.00
-20.00 15.00 6.00
-25.00 15.00 6.00
-30.00 15.00 6.00
-35.00 15.00 6.00
-40.00 15.00 6.00
-45.00 15.00 6.00
-50.00 15.00 6.00
-50.00 20.00 6.00
-45.00 20.00 6.00
-40.00 20.00 6.00
-35.00 20.00 6.00
-30.00 20.00 6.00
-25.00 20.00 6.00
-20.00 20.00 6.00
-15.00 20.00 6.00
-10.00 20.00 6.00
-5.00 20.00 6.00
0.00 20.00 6.00
5.00 20.00 6.00
10.00 20.00 6.00
15.00 20.00 6.00
20.00 20.00 6.00
25.00 20.00 6.00
30.00 20.00 6.00
35.00 20.00 6.00
40.00 20.00 6.00
45.00 20.00 6.00
50.00 20.00 6.00
50.00 25.00 6.00
45.00 25.00 6.00
40.00 25.00 6.00
35.00 25.00 6.00
30.00 25.00 6.00
25.00 25.00 6.00
20.00 25.00 6.00
15.00 25.00 6.00
10.00 25.00 6.00
5.00 25.00 6.00
0.00 25.00 6.00
-5.00 25.00 6.00
-10.00 25.00 6.00
-15.00 25.00 6.00
-20.00 25.00 6.00
-25.00 25.00 6.00
-30.00 25.00 6.00
-35.00 25.00 6.00
-40.00 25.00 6.00
-45.00 25.00 6.00
-50.00 25.00 6.00
-50.00 30.00 6.00
-45.00 30.00 6.00
-40.00 30.00 6.00
-35.00 30.00 6.00
-30.00 30.00 6.00
-25.00 30.00 6.00
-20.00 30.00 6.00
-15.00 30.00 6.00
-10.00 30.00 6.00
-5.00 30.00 6.00
0.00 30.00 6.00
5.00 30.00 6.00
10.00 30.00 6.00
15.00 30.00 6.00
20.00 30.00 6.00
25.00 30.00 6.00
30.00 30.00 6.00
35.00 30.00 6.00
40.00 30.00 6.00
45.00 30.00 6.00
50.00 30.00 6.00
50.00 35.00 6.00
45.00 35.00 6.00
40.00 35.00 6.00
35.00 35.00 6.00
30.00 35.00 6.00
25.00 35.00 6.00
20.00 35.00 6.00
15.00 35.00 6.00
10.00 35.00 6.00
5.00 35.00 6.00
0.00 35.00 6.00
-5.00 35.00 6.00
-10.00 35.00 6.00
-15.00 35.00 6.00
-20.00 35.00 6.00
-25.00 35.00 6.00
-30.00 35.00 6.00
-35.00 35.00 6.00
-40.00 35.00 6.00
-45.00 35.00 6.00
-50.00 35.00 6.00
-50.00 40.00 6.00
-45.00 40.00 6.00
-40.00 40.00 6.00
-35.00 40.00 6.00
-30.00 40.00 6.00
-25.00 40.00 6.00
-20.00 40.00 6.00
-15.00 40.00 6.00
-10.00 40.00 6.00
-5.00 40.00 6.00
0.00 40.00 6.00
5.00 40.00 6.00
10.00 40.00 6.00
15.00 40.00 6.00
20.00 40.00 6.00
25.00 40.00 6.00
30.00 40.00 6.00
35.00 40.00 6.00
40.00 40.00 6.00
45.00 40.00 6.00
50.00 40.00 6.00
50.00 45.00 6.00
45.00 45.00 6.00
40.00 45.00 6.00
35.00 45.00 6.00
30.00 45.00 6.00
25.00 45.00 6.00
20.00 45.00 6.00
15.00 45.00 6.00
10.00 45.00 6.00
5.00 45.00 6.00
0.00 45.00 6.00
-5.00 45.00 6.00
-10.00 45.00 6.00
-15.00 45.00 6.00
-20.00 45.00 6.00
-25.00 45.00 6.00
-30.00 45.00 6.00
-35.00 45.00 6.00
-40.00 45.00 6.00
-45.00 45.00 6.00
-50.00 45.00 6.00
-50.00 50.00 6.00
-45.00 50.00 6.00
-40.00 50.00 6.00
-35.00 50.00 6.00
-30.00 50.00 6.00
-25.00 50.00 6.00
-20.00 50.00 6.00
-15.00 50.00 6.00
-10.00 50.00 6.00
-5.00 50.00 6.00
0.00 50.00 6.00
5.00 50.00 6.00
10.00 50.00 6.00
15.00 50.00 6.00
20.00 50.00 6.00
25.00 50.00 6.00
30.00 50.00 6.00
35.00 50.00 6.00
40.00 50.00 6.00
45.00 50.00 6.00
50.00 50.00 6.00